28
23
0 1646 4406 5130 1850 2893 6783 2712 3597 6802 4396 9950 9324 7181 7339 1231 7992 10621 8843 2820 4388 7880 9065 9592 1490 10633 7254 10903
1646 0 5458 6182 1270 3945 7835 2132 4649 7854 5448 11002 10376 8233 8391 2283 9044 11673 9895 2240 5440 8932 10117 10644 2542 11685 8306 11955
4406 5458 0 1088 5662 3027 2741 6524 2573 2760 1972 5908 5282 3139 3297 3319 3950 6579 4801 6632 664 3838 5023 5550 3394 6591 3212 6861
5130 6182 1088 0 6386 3751 2191 7248 3297 2210 2696 5358 4732 2589 2747 4043 3400 6029 4251 7356 1388 3288 4473 5000 4118 6041 2662 6311
1850 1270 5662 6386 0 4149 8039 966 4853 8058 5652 11206 10580 8437 8595 2487 9248 11877 10099 1074 5644 9136 10321 10848 2746 11889 8510 12159
2893 3945 3027 3751 4149 0 5404 5011 2218 5423 3017 8571 7945 5802 5960 1806 6613 9242 7464 5119 3009 6501 7686 8213 1881 9254 5875 9524
6783 7835 2741 2191 8039 5404 0 8901 4950 1907 4349 4499 3873 1730 1888 5696 2541 5170 3392 9009 3041 2429 3614 4141 5771 5182 1803 5452
2712 2132 6524 7248 966 5011 8901 0 5715 8920 6514 12068 11442 9299 9457 3349 10110 12739 10961 1548 6506 9998 11183 11710 3608 12751 9372 13021
3597 4649 2573 3297 4853 2218 4950 5715 0 4969 2563 8117 7491 5348 5506 2510 6159 8788 7010 5823 2555 6047 7232 7759 2585 8800 5421 9070
6802 7854 2760 2210 8058 5423 1907 8920 4969 0 4368 5074 4448 2305 2463 5715 3116 5745 3967 9028 3060 3004 4189 4716 5790 5757 2378 6027
4396 5448 1972 2696 5652 3017 4349 6514 2563 4368 0 7516 6890 4747 4905 3309 5558 8187 6409 6622 1954 5446 6631 7158 3384 8199 4820 8469
9950 11002 5908 5358 11206 8571 4499 12068 8117 5074 7516 0 1668 4727 3263 8863 3180 2477 3031 12176 6208 2314 2615 1638 8938 2489 4586 2759
9324 10376 5282 4732 10580 7945 3873 11442 7491 4448 6890 1668 0 4101 2637 8237 2554 2339 2405 11550 5582 1688 1989 1310 8312 2351 3960 2621
7181 8233 3139 2589 8437 5802 1730 9299 5348 2305 4747 4727 4101 0 2116 6094 2769 5398 3620 9407 3439 2657 3842 4369 6169 5410 2031 5680
7339 8391 3297 2747 8595 5960 1888 9457 5506 2463 4905 3263 2637 2116 0 6252 1305 3934 2156 9565 3597 1193 2378 2905 6327 3946 1975 4216
1231 2283 3319 4043 2487 1806 5696 3349 2510 5715 3309 8863 8237 6094 6252 0 6905 9534 7756 3457 3301 6793 7978 8505 403 9546 6167 9816
7992 9044 3950 3400 9248 6613 2541 10110 6159 3116 5558 3180 2554 2769 1305 6905 0 3851 2073 10218 4250 1110 2295 2822 6980 3863 2628 4133
10621 11673 6579 6029 11877 9242 5170 12739 8788 5745 8187 2477 2339 5398 3934 9534 3851 0 3702 12847 6879 2985 3286 2309 9609 1440 5257 1444
8843 9895 4801 4251 10099 7464 3392 10961 7010 3967 6409 3031 2405 3620 2156 7756 2073 3702 0 11069 5101 1207 2146 2673 7831 3714 3479 3984
2820 2240 6632 7356 1074 5119 9009 1548 5823 9028 6622 12176 11550 9407 9565 3457 10218 12847 11069 0 6614 10106 11291 11818 3716 12859 9480 13129
4388 5440 664 1388 5644 3009 3041 6506 2555 3060 1954 6208 5582 3439 3597 3301 4250 6879 5101 6614 0 4138 5323 5850 3376 6891 3512 7161
7880 8932 3838 3288 9136 6501 2429 9998 6047 3004 5446 2314 1688 2657 1193 6793 1110 2985 1207 10106 4138 0 1429 1956 6868 2997 2516 3267
9065 10117 5023 4473 10321 7686 3614 11183 7232 4189 6631 2615 1989 3842 2378 7978 2295 3286 2146 11291 5323 1429 0 2257 8053 3298 3701 3568
9592 10644 5550 5000 10848 8213 4141 11710 7759 4716 7158 1638 1310 4369 2905 8505 2822 2309 2673 11818 5850 1956 2257 0 8580 2321 4228 2591
1490 2542 3394 4118 2746 1881 5771 3608 2585 5790 3384 8938 8312 6169 6327 403 6980 9609 7831 3716 3376 6868 8053 8580 0 9621 6242 9891
10633 11685 6591 6041 11889 9254 5182 12751 8800 5757 8199 2489 2351 5410 3946 9546 3863 1440 3714 12859 6891 2997 3298 2321 9621 0 5269 1722
7254 8306 3212 2662 8510 5875 1803 9372 5421 2378 4820 4586 3960 2031 1975 6167 2628 5257 3479 9480 3512 2516 3701 4228 6242 5269 0 5539
10903 11955 6861 6311 12159 9524 5452 13021 9070 6027 8469 2759 2621 5680 4216 9816 4133 1444 3984 13129 7161 3267 3568 2591 9891 1722 5539 0
