26
0 6337 9450 3469 3111 7681 4066 3401 4347 5792 994 1365 2455 3002 5051 9044 4740 3890 5747 6776 9453 7952 6225 9487 5305 1522
6337 0 4417 4560 3404 2648 3567 4888 3012 1173 6293 5854 5744 4637 1708 4011 2007 3235 892 1743 4420 2919 1998 4454 2906 6355
9450 4417 0 7673 6517 1911 6680 8001 6125 4286 9406 8967 8857 7750 4821 2076 5120 6348 4005 3070 1927 2332 5111 765 6019 9468
3469 4560 7673 0 1334 5904 2289 2020 2570 4015 3425 2986 2876 1769 3274 7267 2963 2113 3970 4999 7676 6175 4448 7710 3528 3487
3111 3404 6517 1334 0 4748 1133 1662 1414 2859 3067 2628 2518 1411 2118 6111 1807 957 2814 3843 6520 5019 3292 6554 2372 3129
7681 2648 1911 5904 4748 0 4911 6232 4356 2517 7637 7198 7088 5981 3052 1505 3351 4579 2236 1301 1914 563 3342 1948 4250 7699
4066 3567 6680 2289 1133 4911 0 2617 1577 3022 4022 3583 3473 2366 2281 6274 1970 1120 2977 4006 6683 5182 3455 6717 2535 4084
3401 4888 8001 2020 1662 6232 2617 0 2898 4343 3357 2918 2808 1701 3602 7595 3291 2441 4298 5327 8004 6503 4776 8038 3856 3419
4347 3012 6125 2570 1414 4356 1577 2898 0 2467 4303 3864 3754 2647 1726 5719 1415 1245 2422 3451 6128 4627 2900 6162 1980 4365
5792 1173 4286 4015 2859 2517 3022 4343 2467 0 5748 5309 5199 4092 1163 3880 1462 2690 583 1612 4289 2788 1453 4323 2361 5810
994 6293 9406 3425 3067 7637 4022 3357 4303 5748 0 1321 2411 2958 5007 9000 4696 3846 5703 6732 9409 7908 6181 9443 5261 1478
1365 5854 8967 2986 2628 7198 3583 2918 3864 5309 1321 0 1972 2519 4568 8561 4257 3407 5264 6293 8970 7469 5742 9004 4822 1383
2455 5744 8857 2876 2518 7088 3473 2808 3754 5199 2411 1972 0 2409 4458 8451 4147 3297 5154 6183 8860 7359 5632 8894 4712 2473
3002 4637 7750 1769 1411 5981 2366 1701 2647 4092 2958 2519 2409 0 3351 7344 3040 2190 4047 5076 7753 6252 4525 7787 3605 3020
5051 1708 4821 3274 2118 3052 2281 3602 1726 1163 5007 4568 4458 3351 0 4415 721 1949 1118 2147 4824 3323 1596 4858 1620 5069
9044 4011 2076 7267 6111 1505 6274 7595 5719 3880 9000 8561 8451 7344 4415 0 4714 5942 3599 2664 2079 1926 4705 2113 5613 9062
4740 2007 5120 2963 1807 3351 1970 3291 1415 1462 4696 4257 4147 3040 721 4714 0 1638 1417 2446 5123 3622 1895 5157 1309 4758
3890 3235 6348 2113 957 4579 1120 2441 1245 2690 3846 3407 3297 2190 1949 5942 1638 0 2645 3674 6351 4850 3123 6385 2203 3908
5747 892 4005 3970 2814 2236 2977 4298 2422 583 5703 5264 5154 4047 1118 3599 1417 2645 0 1331 4008 2507 1408 4042 2316 5765
6776 1743 3070 4999 3843 1301 4006 5327 3451 1612 6732 6293 6183 5076 2147 2664 2446 3674 1331 0 3073 1572 2437 3107 3345 6794
9453 4420 1927 7676 6520 1914 6683 8004 6128 4289 9409 8970 8860 7753 4824 2079 5123 6351 4008 3073 0 2335 5114 1964 6022 9471
7952 2919 2332 6175 5019 563 5182 6503 4627 2788 7908 7469 7359 6252 3323 1926 3622 4850 2507 1572 2335 0 3613 2369 4521 7970
6225 1998 5111 4448 3292 3342 3455 4776 2900 1453 6181 5742 5632 4525 1596 4705 1895 3123 1408 2437 5114 3613 0 5148 2794 6243
9487 4454 765 7710 6554 1948 6717 8038 6162 4323 9443 9004 8894 7787 4858 2113 5157 6385 4042 3107 1964 2369 5148 0 6056 9505
5305 2906 6019 3528 2372 4250 2535 3856 1980 2361 5261 4822 4712 3605 1620 5613 1309 2203 2316 3345 6022 4521 2794 6056 0 5323
1522 6355 9468 3487 3129 7699 4084 3419 4365 5810 1478 1383 2473 3020 5069 9062 4758 3908 5765 6794 9471 7970 6243 9505 5323 0
